[Sprite]
InitCommand=vertalign,bottom;y,112;
Texture=ashe 5x2.png
Frame0000=1
Delay0000=0.168539
Frame0001=0
Delay0001=0.168539
Frame0002=2
Delay0002=0.168539
Frame0003=0
Delay0003=0.168539