[Sprite]
Texture=tail 4x3.png
Frame0000=0
Delay0000=0.166666666666667
Frame0001=1
Delay0001=0.166666666666667
Frame0002=2
Delay0002=0.166666666666667
Frame0003=3
Delay0003=0.166666666666667
Frame0004=4
Delay0004=0.166666666666667
Frame0005=5
Delay0005=0.166666666666667
Frame0006=6
Delay0006=0.166666666666667
Frame0007=7
Delay0007=0.166666666666667
Frame0008=8
Delay0008=0.166666666666667
Frame0009=9
Delay0009=0.166666666666667
Frame0010=10
Delay0010=0.166666666666667
Frame0011=11
Delay0011=0.166666666666667