[Sprite]
Texture=headbangL 2x3.png
Frame0000=4
Delay0000=0.166666666666667
Frame0001=5
Delay0001=0.166666666666667
Frame0002=0
Delay0002=0.166666666666667
Frame0003=1
Delay0003=0.166666666666667
Frame0004=2
Delay0004=0.166666666666667
Frame0005=3
Delay0005=0.166666666666667
