[Sprite]
Texture=headbangR 2x3.png
Frame0000=0
Delay0000=0.166666666666667
Frame0001=1
Delay0001=0.166666666666667
Frame0002=2
Delay0002=0.166666666666667
Frame0003=3
Delay0003=0.166666666666667
Frame0004=4
Delay0004=0.166666666666667
Frame0005=5
Delay0005=0.166666666666667
