[Sprite]
Texture=_swing 3x2.png
Frame0000=0
Delay0000=0.2
Frame0001=1
Delay0001=0.0666666666666667
Frame0002=2
Delay0002=999
Frame0003=3
Delay0003=0.0666666666666667
Frame0004=4
Delay0004=0.0666666666666667
Frame0005=5
Delay0005=0.2