[Sprite]
Texture=_throw 4x3.png
Frame0000=0
Delay0000=999
Frame0001=1
Delay0001=0.0666666666666667
Frame0002=2
Delay0002=0.0666666666666667
Frame0003=3
Delay0003=0.0666666666666667
Frame0004=4
Delay0004=0.0666666666666667
Frame0005=5
Delay0005=0.0666666666666667
Frame0006=6
Delay0006=0.0666666666666667
Frame0007=7
Delay0007=0.0666666666666667
Frame0008=8
Delay0008=0.0666666666666667
Frame0009=9
Delay0009=0.0666666666666667
Frame0010=10
Delay0010=0.0666666666666667
Frame0011=11
Delay0011=0.0666666666666667
Frame0012=0
Delay0012=999