[Sprite]
Texture=hand 6x1.png
Frame0000=0
Delay0000=999
Frame0001=1
Delay0001=0.0416666666666667
Frame0002=2
Delay0002=0.0416666666666667
Frame0003=3
Delay0003=0.0416666666666667
Frame0004=4
Delay0004=0.0416666666666667
Frame0005=5
Delay0005=999