[Sprite]
Texture=attack 3x2.png
Frame0000=0
Delay0000=0.0833333333333333
Frame0001=1
Delay0001=0.0833333333333333
Frame0002=2
Delay0002=0.0833333333333333
Frame0003=3
Delay0003=0.0833333333333333
Frame0004=4
Delay0004=0.0833333333333333