[Sprite]
Texture=cast 3x1.png
Frame0000=0
Delay0000=0.0833333333333333
Frame0001=1
Delay0001=0.0833333333333333
Frame0002=2
Delay0002=999