[Sprite]
Texture=g 10x1.png
Frame0000=0
Delay0000=0.07000
Frame0001=1
Delay0001=0.07000
Frame0002=2
Delay0002=0.07000
Frame0003=3
Delay0003=0.07000
Frame0004=4
Delay0004=0.07000
Frame0005=5
Delay0005=0.07000
Frame0006=6
Delay0006=0.07000
Frame0007=7
Delay0007=0.07000
Frame0008=8
Delay0008=0.07000
Frame0009=9
Delay0009=0.07000